
image=npc_orc_elite.png

[stance]
frames=4
duration=800ms
type=back_forth
frame=0,0,488,230,53,57,29,52
frame=0,1,488,167,49,63,19,58
frame=0,2,421,833,52,64,13,54
frame=0,3,187,395,63,64,13,53
frame=0,4,845,430,62,58,22,52
frame=0,5,348,465,48,57,22,50
frame=0,6,293,340,52,59,29,50
frame=0,7,668,353,59,61,40,51
frame=1,0,792,469,53,57,29,52
frame=1,1,348,522,48,64,19,59
frame=1,2,181,168,51,65,12,55
frame=1,3,542,287,62,64,12,53
frame=1,4,845,488,62,58,22,52
frame=1,5,572,657,47,57,22,50
frame=1,6,526,108,54,59,30,50
frame=1,7,460,526,59,59,40,50
frame=2,0,315,798,53,58,29,53
frame=2,1,414,702,47,65,19,60
frame=2,2,315,732,53,66,12,56
frame=2,3,667,414,64,62,13,52
frame=2,4,541,230,62,57,22,51
frame=2,5,348,586,48,56,22,49
frame=2,6,368,836,53,58,31,49
frame=2,7,666,227,59,60,41,50
frame=3,0,421,897,53,59,29,54
frame=3,1,368,704,46,66,19,61
frame=3,2,368,770,53,66,12,56
frame=3,3,537,167,63,63,12,52
frame=3,4,603,230,63,57,22,51
frame=3,5,766,658,46,56,20,49
frame=3,6,571,714,53,57,31,48
frame=3,7,519,533,59,58,41,49

[shoot]
frames=4
duration=800ms
type=play_once
frame=0,0,622,532,50,59,27,54
frame=0,1,665,714,48,60,27,55
frame=0,2,672,532,37,64,16,55
frame=0,3,735,593,35,65,12,55
frame=0,4,406,642,57,60,21,54
frame=0,5,712,658,54,56,19,52
frame=0,6,815,705,37,60,12,52
frame=0,7,809,582,33,60,12,52
frame=1,0,731,414,61,62,34,56
frame=1,1,726,287,58,66,27,61
frame=1,2,236,769,39,74,13,64
frame=1,3,220,697,43,72,11,62
frame=1,4,601,412,66,62,21,55
frame=1,5,455,585,59,57,19,54
frame=1,6,851,637,39,61,14,54
frame=1,7,770,593,39,65,21,57
frame=2,0,727,353,64,61,34,56
frame=2,1,345,167,69,67,31,62
frame=2,2,250,399,45,76,13,66
frame=2,3,218,623,44,74,11,64
frame=2,4,533,410,68,63,21,56
frame=2,5,396,401,69,58,26,55
frame=2,6,572,892,48,62,22,55
frame=2,7,812,642,39,63,19,55
frame=3,0,345,339,51,60,23,55
frame=3,1,845,210,63,61,27,56
frame=3,2,518,828,52,64,17,55
frame=3,3,314,538,34,65,12,55
frame=3,4,791,341,54,61,21,55
frame=3,5,784,284,61,57,27,53
frame=3,6,644,596,51,61,25,53
frame=3,7,315,671,33,61,12,53

[run]
frames=8
duration=533ms
type=looped
frame=0,0,396,340,69,61,39,57
frame=0,1,248,271,45,67,19,61
frame=0,2,293,271,40,69,16,62
frame=0,3,465,407,68,64,21,60
frame=0,4,414,226,74,57,24,57
frame=0,5,461,705,53,60,21,55
frame=0,6,624,714,41,60,15,54
frame=0,7,588,56,68,55,37,55
frame=1,0,396,459,64,59,33,57
frame=1,1,298,164,47,69,21,59
frame=1,2,275,761,40,70,16,58
frame=1,3,604,287,65,66,23,58
frame=1,4,465,348,69,59,27,56
frame=1,5,525,892,47,62,18,54
frame=1,6,622,774,44,59,17,53
frame=1,7,650,476,60,56,34,54
frame=2,0,141,953,64,56,24,56
frame=2,1,263,693,52,68,23,58
frame=2,2,274,843,35,70,13,57
frame=2,3,846,87,62,64,29,57
frame=2,4,534,351,68,59,36,54
frame=2,5,514,768,56,60,25,52
frame=2,6,250,338,43,61,17,52
frame=2,7,846,151,62,59,28,53
frame=3,0,580,111,64,56,29,56
frame=3,1,348,399,48,66,21,59
frame=3,2,312,603,36,68,14,58
frame=3,3,600,167,60,63,25,58
frame=3,4,602,353,66,59,31,56
frame=3,5,463,642,51,63,21,54
frame=3,6,764,533,40,60,14,53
frame=3,7,396,561,59,56,29,54
frame=4,0,781,121,65,57,35,57
frame=4,1,473,829,45,64,22,60
frame=4,2,572,591,37,66,15,59
frame=4,3,669,287,57,66,21,59
frame=4,4,779,60,67,61,24,57
frame=4,5,624,833,45,62,16,55
frame=4,6,473,765,41,64,13,54
frame=4,7,309,856,57,57,29,55
frame=5,0,414,167,74,59,42,56
frame=5,1,421,767,52,66,27,58
frame=5,2,237,843,37,73,16,61
frame=5,3,232,164,66,69,23,59
frame=5,4,711,0,80,59,28,57
frame=5,5,588,474,62,57,23,54
frame=5,6,695,596,40,61,12,53
frame=5,7,460,471,64,55,32,54
frame=6,0,791,0,80,60,40,57
frame=6,1,114,346,61,77,28,69
frame=6,2,871,0,37,87,16,74
frame=6,3,112,874,69,79,26,69
frame=6,4,448,0,92,57,37,57
frame=6,5,471,287,71,61,29,55
frame=6,6,762,940,40,61,12,52
frame=6,7,524,473,64,60,29,52
frame=7,0,449,108,77,59,41,56
frame=7,1,205,939,55,70,24,66
frame=7,2,142,87,39,78,17,69
frame=7,3,110,165,71,68,25,62
frame=7,4,627,0,84,56,31,56
frame=7,5,845,331,63,56,25,54
frame=7,6,804,526,41,56,13,53
frame=7,7,711,59,68,58,34,54

[die]
frames=6
duration=800ms
type=play_once
frame=0,0,714,883,51,56,25,52
frame=0,1,578,533,44,58,17,53
frame=0,2,474,893,51,64,14,52
frame=0,3,514,708,57,60,11,48
frame=0,4,656,56,55,58,24,45
frame=0,5,620,895,49,59,24,44
frame=0,6,666,954,53,54,33,45
frame=0,7,366,894,55,57,41,48
frame=1,0,310,951,48,58,23,52
frame=1,1,669,895,45,59,19,54
frame=1,2,570,771,52,62,16,51
frame=1,3,619,657,45,57,9,45
frame=1,4,260,951,50,58,22,41
frame=1,5,525,954,49,55,24,39
frame=1,6,532,57,56,51,34,42
frame=1,7,664,657,48,57,34,48
frame=2,0,260,573,48,50,18,46
frame=2,1,765,886,44,54,14,46
frame=2,2,623,954,43,55,10,41
frame=2,3,449,957,51,49,17,36
frame=2,4,86,962,55,47,29,32
frame=2,5,852,698,45,50,27,34
frame=2,6,855,748,45,46,30,38
frame=2,7,842,587,48,50,31,43
frame=3,0,855,794,50,46,19,42
frame=3,1,815,765,40,51,12,42
frame=3,2,406,957,43,52,11,37
frame=3,3,855,840,50,44,18,31
frame=3,4,271,233,55,38,30,26
frame=3,5,274,913,44,38,27,28
frame=3,6,812,871,38,41,24,32
frame=3,7,812,828,43,43,24,37
frame=4,0,708,117,58,39,23,27
frame=4,1,215,580,45,43,21,28
frame=4,2,845,546,55,41,24,23
frame=4,3,250,475,61,29,30,18
frame=4,4,396,617,58,25,35,15
frame=4,5,318,913,42,29,22,18
frame=4,6,850,884,52,33,28,21
frame=4,7,155,589,60,34,28,23
frame=5,0,110,233,80,35,27,21
frame=5,1,190,233,81,38,22,21
frame=5,2,779,178,63,44,28,19
frame=5,3,396,518,64,43,33,15
frame=5,4,370,72,78,36,51,20
frame=5,5,326,234,79,36,57,21
frame=5,6,845,387,63,43,34,30
frame=5,7,187,459,63,45,30,33

[critdie]
frames=6
duration=800ms
type=play_once
frame=0,0,714,883,51,56,25,52
frame=0,1,578,533,44,58,17,53
frame=0,2,474,893,51,64,14,52
frame=0,3,514,708,57,60,11,48
frame=0,4,656,56,55,58,24,45
frame=0,5,620,895,49,59,24,44
frame=0,6,666,954,53,54,33,45
frame=0,7,366,894,55,57,41,48
frame=1,0,310,951,48,58,23,52
frame=1,1,669,895,45,59,19,54
frame=1,2,570,771,52,62,16,51
frame=1,3,619,657,45,57,9,45
frame=1,4,260,951,50,58,22,41
frame=1,5,525,954,49,55,24,39
frame=1,6,532,57,56,51,34,42
frame=1,7,664,657,48,57,34,48
frame=2,0,260,573,48,50,18,46
frame=2,1,765,886,44,54,14,46
frame=2,2,623,954,43,55,10,41
frame=2,3,449,957,51,49,17,36
frame=2,4,86,962,55,47,29,32
frame=2,5,852,698,45,50,27,34
frame=2,6,855,748,45,46,30,38
frame=2,7,842,587,48,50,31,43
frame=3,0,855,794,50,46,19,42
frame=3,1,815,765,40,51,12,42
frame=3,2,406,957,43,52,11,37
frame=3,3,855,840,50,44,18,31
frame=3,4,271,233,55,38,30,26
frame=3,5,274,913,44,38,27,28
frame=3,6,812,871,38,41,24,32
frame=3,7,812,828,43,43,24,37
frame=4,0,708,117,58,39,23,27
frame=4,1,215,580,45,43,21,28
frame=4,2,845,546,55,41,24,23
frame=4,3,250,475,61,29,30,18
frame=4,4,396,617,58,25,35,15
frame=4,5,318,913,42,29,22,18
frame=4,6,850,884,52,33,28,21
frame=4,7,155,589,60,34,28,23
frame=5,0,110,233,80,35,27,21
frame=5,1,190,233,81,38,22,21
frame=5,2,779,178,63,44,28,19
frame=5,3,396,518,64,43,33,15
frame=5,4,370,72,78,36,51,20
frame=5,5,326,234,79,36,57,21
frame=5,6,845,387,63,43,34,30
frame=5,7,187,459,63,45,30,33

[cast]
frames=4
duration=400ms
type=play_once
frame=0,0,125,792,52,82,31,75
frame=0,1,65,710,57,84,29,80
frame=0,2,0,877,57,85,18,76
frame=0,3,177,787,59,79,10,69
frame=0,4,719,156,60,67,19,61
frame=0,5,514,591,58,62,19,57
frame=0,6,260,504,54,69,27,59
frame=0,7,209,504,51,76,31,66
frame=1,0,0,539,59,86,30,81
frame=1,1,0,625,62,85,34,80
frame=1,2,0,268,65,88,26,79
frame=1,3,108,537,47,86,10,77
frame=1,4,0,794,62,83,18,77
frame=1,5,0,710,65,84,18,79
frame=1,6,0,356,63,90,25,80
frame=1,7,63,356,51,90,24,80
frame=2,0,57,877,55,85,24,80
frame=2,1,300,0,70,81,34,77
frame=2,2,232,0,68,84,27,75
frame=2,3,67,175,43,84,11,75
frame=2,4,122,708,54,84,19,78
frame=2,5,162,0,70,86,21,81
frame=2,6,0,175,67,93,27,83
frame=2,7,58,446,50,92,18,82
frame=3,0,155,507,54,82,19,77
frame=3,1,69,87,73,76,33,72
frame=3,2,232,84,68,80,30,71
frame=3,3,151,423,36,84,14,74
frame=3,4,62,625,51,85,19,79
frame=3,5,87,0,75,87,26,82
frame=3,6,0,81,69,94,24,84
frame=3,7,108,446,43,91,9,81

[swing]
frames=4
duration=400ms
type=play_once
frame=0,0,300,81,70,70,23,65
frame=0,1,176,271,72,67,28,62
frame=0,2,262,623,50,70,20,59
frame=0,3,792,402,53,67,19,56
frame=0,4,845,271,63,60,33,54
frame=0,5,333,270,64,69,29,65
frame=0,6,176,705,44,82,16,73
frame=0,7,181,86,51,82,19,73
frame=1,0,113,623,56,85,25,79
frame=1,1,62,794,63,80,26,75
frame=1,2,114,268,62,78,25,68
frame=1,3,181,866,56,73,16,63
frame=1,4,660,159,59,68,22,62
frame=1,5,295,399,53,71,21,66
frame=1,6,169,623,49,82,18,72
frame=1,7,65,268,49,88,27,78
frame=2,0,370,0,78,72,53,67
frame=2,1,59,538,49,87,26,81
frame=2,2,0,446,58,93,24,82
frame=2,3,0,0,87,81,23,69
frame=2,4,540,0,87,56,23,50
frame=2,5,644,114,64,45,23,40
frame=2,6,802,940,47,46,18,37
frame=2,7,370,108,79,59,50,49
frame=3,0,0,962,86,47,57,42
frame=3,1,397,283,74,57,47,51
frame=3,2,609,591,35,66,13,54
frame=3,3,725,223,56,64,20,51
frame=3,4,448,57,84,51,25,45
frame=3,5,176,338,74,57,25,42
frame=3,6,314,470,34,68,12,43
frame=3,7,781,222,64,62,34,42

[hit]
frames=2
duration=200ms
type=back_forth
frame=0,0,714,883,51,56,25,52
frame=0,1,578,533,44,58,17,53
frame=0,2,474,893,51,64,14,52
frame=0,3,514,708,57,60,11,48
frame=0,4,656,56,55,58,24,45
frame=0,5,620,895,49,59,24,44
frame=0,6,666,954,53,54,33,45
frame=0,7,366,894,55,57,41,48
frame=1,0,310,951,48,58,23,52
frame=1,1,669,895,45,59,19,54
frame=1,2,570,771,52,62,16,51
frame=1,3,619,657,45,57,9,45
frame=1,4,260,951,50,58,22,41
frame=1,5,525,954,49,55,24,39
frame=1,6,532,57,56,51,34,42
frame=1,7,664,657,48,57,34,48

[block]
frames=2
duration=200ms
type=play_once
frame=0,0,713,714,54,56,28,51
frame=0,1,767,714,48,57,18,52
frame=0,2,669,833,44,62,11,52
frame=0,3,348,642,58,62,13,51
frame=0,4,710,476,60,57,23,51
frame=0,5,358,951,48,58,23,49
frame=0,6,766,771,49,57,27,49
frame=0,7,570,833,54,59,37,50
frame=1,0,713,770,53,56,28,50
frame=1,1,765,828,47,58,18,53
frame=1,2,719,939,43,62,11,51
frame=1,3,709,533,55,60,13,50
frame=1,4,514,653,58,55,22,49
frame=1,5,666,774,47,59,22,48
frame=1,6,574,954,49,55,26,47
frame=1,7,713,826,52,57,36,48
