
image=npc_training_dummy.png

[stance]
frames=1
duration=800ms
type=back_forth
frame=0,0,305,205,39,68,19,52
frame=0,1,53,70,48,73,25,55
frame=0,2,174,0,54,69,24,53
frame=0,3,398,132,42,68,16,50
frame=0,4,400,264,41,66,10,50
frame=0,5,153,212,47,68,16,50
frame=0,6,252,206,53,66,19,50
frame=0,7,199,139,51,68,24,50

[shoot]
frames=1
duration=800ms
type=play_once
frame=0,0,305,205,39,68,19,52
frame=0,1,53,70,48,73,25,55
frame=0,2,174,0,54,69,24,53
frame=0,3,398,132,42,68,16,50
frame=0,4,400,264,41,66,10,50
frame=0,5,153,212,47,68,16,50
frame=0,6,252,206,53,66,19,50
frame=0,7,199,139,51,68,24,50

[hit]
frames=1
duration=533ms
type=back_forth
frame=0,0,305,205,39,68,19,52
frame=0,1,53,70,48,73,25,55
frame=0,2,174,0,54,69,24,53
frame=0,3,398,132,42,68,16,50
frame=0,4,400,264,41,66,10,50
frame=0,5,153,212,47,68,16,50
frame=0,6,252,206,53,66,19,50
frame=0,7,199,139,51,68,24,50

[die]
frames=10
duration=400ms
type=play_once
frame=0,0,395,63,39,69,17,53
frame=0,1,53,143,48,73,24,55
frame=0,2,228,0,54,68,24,52
frame=0,3,452,181,43,67,17,49
frame=0,4,545,52,40,66,11,50
frame=0,5,250,138,47,68,17,51
frame=0,6,344,199,53,66,19,51
frame=0,7,200,207,52,68,23,51
frame=1,0,204,69,42,70,13,54
frame=1,1,101,142,48,72,20,54
frame=1,2,344,132,54,67,24,50
frame=1,3,353,265,47,65,21,47
frame=1,4,548,118,39,66,16,50
frame=1,5,246,68,48,70,21,53
frame=1,6,777,71,53,69,19,54
frame=1,7,343,63,52,69,20,53
frame=2,0,105,214,48,72,8,55
frame=2,1,294,67,49,70,14,51
frame=2,2,440,119,54,62,24,45
frame=2,3,493,58,52,61,28,42
frame=2,4,441,264,41,66,26,49
frame=2,5,54,216,51,71,28,56
frame=2,6,0,216,54,71,19,58
frame=2,7,777,0,53,71,15,56
frame=3,0,0,0,59,70,6,53
frame=3,1,397,200,55,64,11,44
frame=3,2,494,119,54,54,24,36
frame=3,3,200,275,52,55,36,35
frame=3,4,495,173,50,63,42,46
frame=3,5,152,69,52,70,36,57
frame=3,6,0,70,53,73,19,62
frame=3,7,101,69,51,73,11,60
frame=4,0,59,0,59,66,3,48
frame=4,1,649,0,62,53,9,33
frame=4,2,776,140,52,45,24,23
frame=4,3,652,247,55,46,44,26
frame=4,4,459,0,61,58,56,40
frame=4,5,282,0,55,67,44,55
frame=4,6,149,142,50,70,19,62
frame=4,7,0,143,53,73,9,61
frame=5,0,396,0,63,57,-1,40
frame=5,1,585,54,64,45,6,19
frame=5,2,495,236,50,41,24,9
frame=5,3,0,287,59,43,50,17
frame=5,4,520,0,66,52,64,34
frame=5,5,434,58,59,61,50,49
frame=5,6,297,137,47,68,19,60
frame=5,7,118,0,56,69,6,57
frame=6,0,588,202,60,48,-4,31
frame=6,1,59,287,68,42,4,11
frame=6,2,707,294,48,35,24,3
frame=6,3,649,53,62,39,55,8
frame=6,4,588,250,64,45,64,28
frame=6,5,586,0,63,54,56,42
frame=6,6,545,184,43,63,19,56
frame=6,7,337,0,59,63,4,51
frame=7,0,773,222,57,39,-7,23
frame=7,1,711,95,63,39,2,7
frame=7,2,153,280,47,35,24,3
frame=7,3,646,131,63,39,57,7
frame=7,4,648,170,61,38,64,22
frame=7,5,711,0,66,49,60,37
frame=7,6,252,272,43,58,19,51
frame=7,7,295,273,58,57,2,45
frame=8,0,774,185,56,37,-8,21
frame=8,1,648,208,63,39,1,7
frame=8,2,763,261,46,34,24,2
frame=8,3,649,92,62,39,57,7
frame=8,4,588,295,60,35,64,19
frame=8,5,711,49,66,46,61,35
frame=8,6,545,247,43,54,19,47
frame=8,7,587,99,58,52,1,41
frame=9,0,707,257,56,37,-8,20
frame=9,1,711,179,63,39,1,7
frame=9,2,755,295,46,34,24,2
frame=9,3,711,218,62,39,57,7
frame=9,4,648,295,59,35,64,18
frame=9,5,709,134,67,45,62,34
frame=9,6,482,277,43,53,19,46
frame=9,7,588,151,58,51,1,40

[swing]
frames=1
duration=400ms
type=play_once
frame=0,0,305,205,39,68,19,52
frame=0,1,53,70,48,73,25,55
frame=0,2,174,0,54,69,24,53
frame=0,3,398,132,42,68,16,50
frame=0,4,400,264,41,66,10,50
frame=0,5,153,212,47,68,16,50
frame=0,6,252,206,53,66,19,50
frame=0,7,199,139,51,68,24,50

[cast]
frames=1
duration=400ms
type=play_once
frame=0,0,305,205,39,68,19,52
frame=0,1,53,70,48,73,25,55
frame=0,2,174,0,54,69,24,53
frame=0,3,398,132,42,68,16,50
frame=0,4,400,264,41,66,10,50
frame=0,5,153,212,47,68,16,50
frame=0,6,252,206,53,66,19,50
frame=0,7,199,139,51,68,24,50

[critdie]
frames=10
duration=400ms
type=play_once
frame=0,0,395,63,39,69,17,53
frame=0,1,53,143,48,73,24,55
frame=0,2,228,0,54,68,24,52
frame=0,3,452,181,43,67,17,49
frame=0,4,545,52,40,66,11,50
frame=0,5,250,138,47,68,17,51
frame=0,6,344,199,53,66,19,51
frame=0,7,200,207,52,68,23,51
frame=1,0,204,69,42,70,13,54
frame=1,1,101,142,48,72,20,54
frame=1,2,344,132,54,67,24,50
frame=1,3,353,265,47,65,21,47
frame=1,4,548,118,39,66,16,50
frame=1,5,246,68,48,70,21,53
frame=1,6,777,71,53,69,19,54
frame=1,7,343,63,52,69,20,53
frame=2,0,105,214,48,72,8,55
frame=2,1,294,67,49,70,14,51
frame=2,2,440,119,54,62,24,45
frame=2,3,493,58,52,61,28,42
frame=2,4,441,264,41,66,26,49
frame=2,5,54,216,51,71,28,56
frame=2,6,0,216,54,71,19,58
frame=2,7,777,0,53,71,15,56
frame=3,0,0,0,59,70,6,53
frame=3,1,397,200,55,64,11,44
frame=3,2,494,119,54,54,24,36
frame=3,3,200,275,52,55,36,35
frame=3,4,495,173,50,63,42,46
frame=3,5,152,69,52,70,36,57
frame=3,6,0,70,53,73,19,62
frame=3,7,101,69,51,73,11,60
frame=4,0,59,0,59,66,3,48
frame=4,1,649,0,62,53,9,33
frame=4,2,776,140,52,45,24,23
frame=4,3,652,247,55,46,44,26
frame=4,4,459,0,61,58,56,40
frame=4,5,282,0,55,67,44,55
frame=4,6,149,142,50,70,19,62
frame=4,7,0,143,53,73,9,61
frame=5,0,396,0,63,57,-1,40
frame=5,1,585,54,64,45,6,19
frame=5,2,495,236,50,41,24,9
frame=5,3,0,287,59,43,50,17
frame=5,4,520,0,66,52,64,34
frame=5,5,434,58,59,61,50,49
frame=5,6,297,137,47,68,19,60
frame=5,7,118,0,56,69,6,57
frame=6,0,588,202,60,48,-4,31
frame=6,1,59,287,68,42,4,11
frame=6,2,707,294,48,35,24,3
frame=6,3,649,53,62,39,55,8
frame=6,4,588,250,64,45,64,28
frame=6,5,586,0,63,54,56,42
frame=6,6,545,184,43,63,19,56
frame=6,7,337,0,59,63,4,51
frame=7,0,773,222,57,39,-7,23
frame=7,1,711,95,63,39,2,7
frame=7,2,153,280,47,35,24,3
frame=7,3,646,131,63,39,57,7
frame=7,4,648,170,61,38,64,22
frame=7,5,711,0,66,49,60,37
frame=7,6,252,272,43,58,19,51
frame=7,7,295,273,58,57,2,45
frame=8,0,774,185,56,37,-8,21
frame=8,1,648,208,63,39,1,7
frame=8,2,763,261,46,34,24,2
frame=8,3,649,92,62,39,57,7
frame=8,4,588,295,60,35,64,19
frame=8,5,711,49,66,46,61,35
frame=8,6,545,247,43,54,19,47
frame=8,7,587,99,58,52,1,41
frame=9,0,707,257,56,37,-8,20
frame=9,1,711,179,63,39,1,7
frame=9,2,755,295,46,34,24,2
frame=9,3,711,218,62,39,57,7
frame=9,4,648,295,59,35,64,18
frame=9,5,709,134,67,45,62,34
frame=9,6,482,277,43,53,19,46
frame=9,7,588,151,58,51,1,40

[block]
frames=1
duration=200ms
type=play_once
frame=0,0,305,205,39,68,19,52
frame=0,1,53,70,48,73,25,55
frame=0,2,174,0,54,69,24,53
frame=0,3,398,132,42,68,16,50
frame=0,4,400,264,41,66,10,50
frame=0,5,153,212,47,68,16,50
frame=0,6,252,206,53,66,19,50
frame=0,7,199,139,51,68,24,50
